0.7
1.0
2.0
0.6
1.1
1.7
0.5
1.0
1.6
0.3
0.7
1.1
0.3
0.6
1.0
0.3
1.1
1.5
0.3
0.7
0.3
1.2
2.0
3.5
0.4
0.8
0.6
1.0
0.4
0.8
1.3
0.5
0.9
1.4
0.6
1.3
0.6
1.1
0.5
1.0
0.8
1.6
0.5
0.8
1.2
0.3
1.0
1.0
1.5
0.2
0.7
0.4
1.0
0.8
1.7
0.5
1.0
0.7
1.9
0.6
1.0
1.3
0.9
1.3
1.5
0.8
1.5
1.6
0.7
1.0
1.7
0.9
1.6
0.4
1.0
1.4
1.0
1.7
1.2
1.6
0.3
1.0
0.8
1.4
1.8
1.1
1.7
0.9
1.2
0.3
1.5
1.3
1.6
1.5
8.8
1.0
1.6
0.4
1.3
0.5
1.2
0.4
2.0
0.4
1.0
1.5
1.4
1.2
0.6
1.2
1.0
1.9
1.1
1.0
2.2
0.4
1.2
0.6
1.3
0.8
1.1
1.3
1.5
1.4
1.1
1.3
1.5
1.4
0.9
6.5
2.5
0.3
0.3
1.0
0.8
0.9
0.8
0.4
1.0
0.5
1.3
1.8
2.1
1.7
1.6
2.0
1.8
4.0
2.2
2.0
0.4
